27, 8, pa1-unknown-k-output1.txt
217.22, 218.38, 192.44
400.62, 392.67, 203.25
208.2, 211.82, 211.86
210.17, 210.06, 336.83
212.14, 208.31, 461.81
208.22, 336.8, 213.61
210.19, 335.05, 338.59
212.17, 333.3, 463.56
208.25, 461.79, 215.37
210.22, 460.04, 340.34
212.19, 458.29, 465.31
333.19, 211.82, 209.89
335.16, 210.07, 334.86
337.13, 208.32, 459.84
333.21, 336.81, 211.64
335.18, 335.06, 336.62
337.15, 333.31, 461.59
333.23, 461.8, 213.4
335.2, 460.05, 338.37
337.17, 458.29, 463.34
458.17, 211.83, 207.92
460.14, 210.08, 332.89
462.11, 208.33, 457.87
458.19, 336.82, 209.67
460.16, 335.07, 334.65
462.13, 333.31, 459.62
458.21, 461.8, 211.42
460.18, 460.05, 336.4
462.16, 458.3, 461.37
208.38, 211.34, 450.29
210.59, 213.59, 575.25
212.8, 215.83, 700.21
205.02, 336.28, 448.11
207.23, 338.52, 573.07
209.44, 340.76, 698.03
201.65, 461.22, 445.93
203.87, 463.46, 570.89
206.08, 465.7, 695.85
333.31, 214.67, 448.02
335.53, 216.91, 572.98
337.74, 219.15, 697.94
329.95, 339.6, 445.84
332.16, 341.84, 570.8
334.38, 344.09, 695.76
326.59, 464.54, 443.66
328.8, 466.78, 568.62
331.02, 469.02, 693.58
458.25, 217.99, 445.75
460.46, 220.23, 570.71
462.67, 222.47, 695.67
454.89, 342.92, 443.57
457.1, 345.16, 568.53
459.31, 347.41, 693.49
451.52, 467.86, 441.38
453.74, 470.1, 566.34
455.95, 472.34, 691.3
208.6, 449.53, 211.01
208.19, 450.63, 336.0
207.78, 451.74, 461.0
210.58, 574.51, 209.91
210.17, 575.61, 334.9
209.76, 576.72, 459.9
212.57, 699.49, 208.81
212.16, 700.59, 333.81
211.75, 701.7, 458.8
333.58, 447.55, 211.44
333.17, 448.65, 336.43
332.76, 449.76, 461.42
335.57, 572.53, 210.34
335.16, 573.63, 335.33
334.75, 574.74, 460.33
337.55, 697.51, 209.24
337.14, 698.61, 334.23
336.73, 699.72, 459.23
458.57, 445.57, 211.86
458.16, 446.67, 336.86
457.75, 447.78, 461.85
460.55, 570.55, 210.76
460.14, 571.65, 335.76
459.73, 572.76, 460.75
462.53, 695.53, 209.67
462.12, 696.63, 334.66
461.71, 697.74, 459.66
211.98, 448.7, 450.38
211.95, 451.17, 575.36
211.92, 453.63, 700.34
212.37, 573.68, 447.92
212.34, 576.14, 572.89
212.31, 578.61, 697.87
212.76, 698.65, 445.45
212.73, 701.12, 570.43
212.71, 703.58, 695.4
336.97, 448.31, 450.42
336.95, 450.78, 575.39
336.92, 453.24, 700.37
337.37, 573.29, 447.95
337.34, 575.75, 572.93
337.31, 578.22, 697.9
337.76, 698.26, 445.49
337.73, 700.73, 570.46
337.71, 703.19, 695.44
461.97, 447.92, 450.45
461.95, 450.38, 575.43
461.92, 452.85, 700.4
462.37, 572.89, 447.99
462.34, 575.36, 572.96
462.31, 577.83, 697.94
462.76, 697.87, 445.52
462.73, 700.33, 570.5
462.71, 702.8, 695.47
449.83, 210.71, 211.21
450.06, 213.81, 336.17
450.28, 216.9, 461.13
452.97, 335.63, 208.1
453.19, 338.73, 333.07
453.41, 341.83, 458.03
456.11, 460.55, 205.0
456.33, 463.65, 329.96
456.55, 466.75, 454.93
574.79, 207.57, 211.06
575.02, 210.67, 336.02
575.24, 213.76, 460.99
577.93, 332.49, 207.96
578.15, 335.59, 332.92
578.37, 338.68, 457.88
581.07, 457.41, 204.86
581.29, 460.51, 329.82
581.51, 463.61, 454.78
699.75, 204.43, 210.92
699.98, 207.52, 335.88
700.2, 210.62, 460.84
702.89, 329.35, 207.82
703.11, 332.45, 332.78
703.33, 335.54, 457.74
706.03, 454.27, 204.72
706.25, 457.37, 329.68
706.47, 460.47, 454.64
450.87, 211.9, 449.92
452.41, 210.82, 574.9
453.95, 209.73, 699.89
449.64, 336.89, 451.02
451.18, 335.81, 576.0
452.72, 334.72, 700.99
448.41, 461.88, 452.11
449.96, 460.79, 577.1
451.5, 459.71, 702.09
575.85, 213.14, 448.39
577.39, 212.06, 573.37
578.94, 210.97, 698.36
574.62, 338.13, 449.48
576.17, 337.05, 574.47
577.71, 335.96, 699.46
573.4, 463.12, 450.58
574.94, 462.03, 575.57
576.48, 460.95, 700.55
700.84, 214.38, 446.86
702.38, 213.3, 571.84
703.92, 212.21, 696.83
699.61, 339.37, 447.95
701.15, 338.29, 572.94
702.69, 337.2, 697.92
698.38, 464.36, 449.05
699.92, 463.27, 574.04
701.47, 462.19, 699.02
448.86, 450.26, 210.03
447.15, 449.52, 335.01
445.45, 448.78, 460.0
446.58, 575.24, 210.74
444.87, 574.5, 335.72
443.16, 573.76, 460.71
444.29, 700.21, 211.45
442.58, 699.47, 336.43
440.88, 698.73, 461.42
573.83, 452.54, 211.75
572.12, 451.79, 336.73
570.41, 451.05, 461.72
571.55, 577.51, 212.46
569.84, 576.77, 337.44
568.13, 576.03, 462.43
569.26, 702.49, 213.17
567.55, 701.75, 338.15
565.84, 701.01, 463.14
698.8, 454.81, 213.47
697.09, 454.07, 338.46
695.38, 453.33, 463.44
696.51, 579.79, 214.18
694.8, 579.05, 339.17
693.1, 578.31, 464.15
694.23, 704.76, 214.89
692.52, 704.02, 339.88
690.81, 703.28, 464.86
450.03, 451.41, 449.31
446.33, 450.66, 574.25
442.63, 449.9, 699.2
449.2, 576.41, 450.05
445.5, 575.65, 574.99
441.8, 574.89, 699.93
448.38, 701.4, 450.78
444.67, 700.65, 575.72
440.97, 699.89, 700.67
574.97, 452.22, 453.02
571.27, 451.46, 577.96
567.57, 450.7, 702.91
574.15, 577.22, 453.75
570.44, 576.46, 578.7
566.74, 575.7, 703.64
573.32, 702.21, 454.49
569.61, 701.45, 579.43
565.91, 700.69, 704.37
699.92, 453.03, 456.73
696.21, 452.27, 581.67
692.51, 451.51, 706.61
699.09, 578.02, 457.46
695.39, 577.26, 582.4
691.68, 576.51, 707.35
698.26, 703.02, 458.2
694.56, 702.26, 583.14
690.85, 701.5, 708.08
