0, 8, pa1-debug-a-output1.txt
-203.7625, -211.58499999999998, -213.23124999999982
-201.30936191034885, -209.86310770468367, -88.26718636394303
-198.85622382069775, -208.14121540936736, 36.69687727211377
-200.56829534858113, -86.63855892587232, -215.01560410006076
-198.11515725893, -84.91666663055601, -90.05154046400396
-195.6620191692789, -83.19477433523971, 34.91252317205283
-197.37409069716227, 38.307882148255345, -216.7999582001217
-194.92095260751114, 40.029774443571654, -91.8358945640649
-192.46781451786, 41.75166673888796, 33.12816907199189
-78.82740016749507, -214.8133044826782, -215.63933637909062
-76.37426207784395, -213.0914121873619, -90.67527274303383
-73.92112398819282, -211.36951989204562, 34.28879089302296
-75.6331955160762, -89.86686340855054, -217.42369047915156
-73.18005742642507, -88.14497111323423, -92.45962684309477
-70.72691933677396, -86.42307881791794, 32.504436792962025
-72.43899086465734, 35.07957766557712, -219.2080445792125
-69.98585277500621, 36.80146996089343, -94.2439809431557
-67.5327146853551, 38.52336225620974, 30.720082692901087
46.10769966500985, -218.04160896535643, -218.04742275818143
48.56083775466098, -216.31971667004012, -93.08335912212465
51.013975844312085, -214.59782437472384, 31.88070451393216
49.301904316428704, -93.09516789122877, -219.83177685824236
51.75504240607984, -91.37327559591246, -94.86771322218559
54.20818049573097, -89.65138330059617, 30.09635041387122
52.49610896784759, 31.851273182898893, -221.6161309583033
54.949247057498724, 33.5731654782152, -96.65206732224652
57.40238514714986, 35.29505777353151, 28.311996313810283
-214.54656106442096, -209.39376566223356, -443.2460920351218
-216.32478201059553, -212.88704651793012, -318.30756747552164
-218.10300295677007, -216.38032737362664, -193.36904291592148
-216.76038637175702, -84.46131876128035, -439.7844899711769
-218.5386073179316, -87.95459961697689, -314.84596541157674
-220.31682826410614, -91.44788047267343, -189.90744085197656
-218.97421167909312, 40.47112813967286, -436.322887907232
-220.75243262526766, 36.9778472839763, -311.38436334763185
-222.53065357144223, 33.48456642827978, -186.44583878803166
-89.57881759525539, -207.23027306836283, -441.40696397512113
-91.35703854142994, -210.72355392405936, -316.46843941552095
-93.1352594876045, -214.2168347797559, -191.52991485592077
-91.79264290259147, -82.29782616740962, -437.9453619111762
-93.57086384876602, -85.79110702310616, -313.006837351576
-95.34908479494058, -89.2843878788027, -188.06831279197587
-94.00646820992753, 42.634620733543585, -434.4837598472313
-95.78468915610209, 39.14133987784703, -309.5452352876311
-97.56291010227665, 35.648059022150505, -184.60671072803092
35.38892587391018, -205.06678047449208, -439.5678359151204
33.61070492773561, -208.56006133018863, -314.62931135552026
31.83248398156107, -212.05334218588519, -189.69078679592008
33.175100566574116, -80.1343335735389, -436.1062338511755
31.396879620399545, -83.62761442923544, -311.1677092915753
29.618658674225003, -87.12089528493198, -186.22918473197512
30.961275259238022, 44.79811332741431, -432.64463178723054
29.18305431306345, 41.30483247171776, -307.7061072276304
27.40483336688891, 37.811551616021234, -182.76758266803023
-208.86000000000013, -447.86624999999964, -212.07500000000164
-205.87928683883564, -446.8110340758078, -87.11499892604112
-202.89857367767112, -445.755818151616, 37.84500214791939
-210.19803089228526, -322.87760236955296, -213.098541324689
-207.21731773112074, -321.82238644536113, -88.1385402507285
-204.23660456995623, -320.7671705211693, 36.82146082323203
-211.53606178457036, -197.88895473910625, -214.12208264937638
-208.55534862340588, -196.83373881491443, -89.16208157541587
-205.57463546224136, -195.7785228907226, 35.797919498544644
-83.9027072060933, -446.5530543308841, -215.06673774794427
-80.9219940449288, -445.49783840669227, -90.10673667398376
-77.9412808837643, -444.44262248250044, 34.85326439997675
-85.24073809837842, -321.5644067004374, -216.09027907263166
-82.26002493721391, -320.5091907762456, -91.13027799867113
-79.27931177604941, -319.45397485205376, 33.829723075289394
-86.57876899066353, -196.5757590699907, -217.11382039731902
-83.59805582949903, -195.52054314579888, -92.1538193233585
-80.61734266833454, -194.46532722160705, 32.80618175060201
41.054585587813534, -445.23985866176855, -218.0584754958869
44.03529874897802, -444.1846427375767, -93.0984744219264
47.01601191014254, -443.1294268133849, 31.861526652034115
39.71655469552843, -320.2512110313219, -219.0820168205743
42.69726785669292, -319.19599510713005, -94.12201574661377
45.677981017857434, -318.1407791829382, 30.837985327346757
38.3785238032433, -195.26256340087517, -220.10555814526165
41.359236964407785, -194.20734747668334, -95.14555707130114
44.3399501255723, -193.1521315524915, 29.81444400265937
-207.76375000000002, -452.885, -452.41499999999996
-207.36296830402247, -451.3399882952886, -327.42519116398137
-206.96218660804496, -449.7949765905772, -202.43538232796283
-204.51431234217, -327.93691720825825, -453.9699152954137
-204.1135306461925, -326.39190550354687, -328.98010645939513
-203.71274895021494, -324.8468937988355, -203.9902976233766
-201.26487468434, -202.9888344165165, -455.5248305908275
-200.86409298836247, -201.44382271180513, -330.5350217548089
-200.46331129238493, -199.8988110070937, -205.54521291879033
-82.8066352408154, -456.1391581861274, -452.77545188252265
-82.40585354483787, -454.59414648141603, -327.78564304650405
-82.00507184886034, -453.04913477670465, -202.7958342104855
-79.5571975829854, -331.1910753943857, -454.3303671779364
-79.15641588700785, -329.6460636896743, -329.3405583419178
-78.75563419103034, -328.1010519849629, -204.35074950589924
-76.30775992515538, -206.24299260264394, -455.8852824733501
-75.90697822917784, -204.69798089793255, -330.8954736373316
-75.50619653320032, -203.15296919322114, -205.905664801313
42.150479518369224, -459.39331637225484, -453.13590376504527
42.551261214346766, -457.84830466754346, -328.14609492902673
42.95204291032428, -456.3032929628321, -203.15628609300816
45.39991717619924, -334.4452335805131, -454.69081906045903
45.80069887217678, -332.9002218758017, -329.7010102244405
46.201480568154295, -331.35521017109033, -204.71120138842193
48.649354834029225, -209.4971507887714, -456.2457343558728
49.05013653000674, -207.95213908406, -331.25592551985426
49.45091822598431, -206.4071273793486, -206.26611668383566
-447.1775, -213.39375, -209.6400000000001
-444.6067430917904, -217.10398288563064, -84.72152506192982
-442.0359861835808, -220.81421577126125, 40.19694987614045
-447.7812674946298, -88.45067559766603, -205.91661126052264
-445.2105105864202, -92.16090848329665, -80.99813632245238
-442.6397536782106, -95.87114136892728, 43.92033861561791
-448.38503498925957, 36.49239880466794, -202.19322252104521
-445.81427808104996, 32.78216591903731, -77.27474758297492
-443.24352117284036, 29.071933033406708, 47.643727355095336
-322.20539641791515, -212.71380086423767, -212.19166522911127
-319.63463950970555, -216.4240337498683, -87.273190291041
-317.06388260149595, -220.13426663549893, 37.645284647029285
-322.809163912545, -87.7707264619037, -208.46827648963384
-320.2384070043354, -91.48095934753432, -83.54980155156355
-317.6676500961257, -95.19119223316495, 41.368673386506714
-323.41293140717477, 37.17234794043026, -204.74488775015638
-320.84217449896516, 33.462115054799625, -79.82641281208609
-318.2714175907555, 29.751882169169022, 45.09206212598417
-197.23329283583035, -212.03385172847536, -214.74333045822246
-194.66253592762075, -215.74408461410596, -89.82485552015218
-192.09177901941112, -219.4543174997366, 35.09361941791809
-197.83706033046013, -87.09077732614136, -211.019941718745
-195.26630342225053, -90.80101021177198, -86.10146678067473
-192.6955465140409, -94.51124309740261, 38.81700815739555
-198.44082782508994, 37.8522970761926, -207.29655297926755
-195.87007091688034, 34.14206419056197, -82.37807804119728
-193.2993140086707, 30.431831304931364, 42.540396896873006
-455.3764406072093, -206.18769056812425, -450.5734701549429
-455.8826484296548, -206.2886405251293, -325.5745359084996
-456.38885625210025, -206.38959048213434, -200.5756016620563
-458.6260203289249, -81.22996759605026, -450.48571329403194
-459.1322281513703, -81.3309175530553, -325.48677904758864
-459.63843597381583, -81.43186751006034, -200.48784480114531
-461.8756000506404, 43.72775537602374, -450.397956433121
-462.3818078730859, 43.626805419018694, -325.39902218667766
-462.8880156955314, 43.52585546201365, -200.40008794023436
-330.4197121558262, -202.93849393809364, -450.06480918072987
-330.9259199782717, -203.03944389509869, -325.06587493428657
-331.4321278007171, -203.14039385210373, -200.06694068784324
-333.66929187754175, -77.98077096601963, -449.9770523198189
-334.1754996999872, -78.08172092302468, -324.9781180733756
-334.6817075224327, -78.18267088002972, -199.97918382693229
-336.9188715992573, 46.97695200605435, -449.88929545890795
-337.4250794217028, 46.876002049049305, -324.89036121246465
-337.9312872441483, 46.77505209204426, -199.8914269660213
-205.46298370444305, -199.68929730806303, -449.5561482065168
-205.96919152688852, -199.79024726506807, -324.5572139600735
-206.47539934933403, -199.89119722207312, -199.55827971363018
-208.7125634261586, -74.73157433598905, -449.4683913456059
-209.21877124860407, -74.8325242929941, -324.4694570991625
-209.72497907104957, -74.93347424999914, -199.47052285271923
-211.96214314787417, 50.226148636084986, -449.3806344846949
-212.46835097031965, 50.12519867907997, -324.3817002382516
-212.97455879276515, 50.0242487220749, -199.38276599180824
-454.01874999999995, -443.8974999999999, -209.48000000000002
-454.45417267683246, -442.37190885679706, -84.49006849047292
-454.889595353665, -440.84631771359426, 40.499863019054175
-456.6367984338155, -318.9343394856106, -211.01438478002447
-457.072221110648, -317.4087483424078, -86.02445327049739
-457.5076437874805, -315.88315719920496, 38.96547823902972
-459.254846867631, -193.97117897122138, -212.54876956004895
-459.69026954446355, -192.44558782801855, -87.55883805052186
-460.12569222129605, -190.9199966848157, 37.43109345900524
-329.0469282580941, -441.2743175971245, -209.07665822117184
-329.48235093492667, -439.7487264539216, -84.08672671164474
-329.9177736117592, -438.22313531071876, 40.90320479788235
-331.66497669190966, -316.3111570827352, -210.61104300119632
-332.10039936874216, -314.7855659395324, -85.62111149166921
-332.5358220455747, -313.2599747963295, 39.3688200178579
-334.2830251257252, -191.3479965683459, -212.14542778122077
-334.7184478025577, -189.82240542514307, -87.15549627169368
-335.1538704793902, -188.29681428194021, 37.83443523783342
-204.0751065161883, -438.651135194249, -208.67331644234366
-204.51052919302083, -437.1255440510461, -83.68338493281657
-204.94595186985336, -435.5999529078433, 41.30654657671053
-206.69315495000382, -313.68797467985974, -210.20770122236814
-207.12857762683635, -312.1623835366569, -85.21776971284103
-207.56400030366888, -310.636792393454, 39.77216179668605
-209.31120338381933, -188.72481416547043, -211.7420860023926
-209.74662606065186, -187.19922302226757, -86.7521544928655
-210.1820487374844, -185.67363187906477, 38.237777016661596
-448.4575, -450.68125, -451.45875
-450.603953186747, -447.0375217022159, -326.5303065501233
-452.75040637349406, -443.39379340443185, -201.60186310024667
-445.28894764511836, -325.7729576138194, -455.04745020241455
-447.43540083186537, -322.1292293160353, -330.11900675253787
-449.5818540186124, -318.4855010182513, -205.19056330266122
-442.1203952902367, -200.86466522763882, -458.6361504048291
-444.26684847698374, -197.22093692985476, -333.7077069549524
-446.41330166373075, -193.57720863207066, -208.77926350507576
-323.51610167786066, -453.7863646935924, -449.2215088310245
-325.66255486460767, -450.1426363958083, -324.2930653811478
-327.8090080513547, -446.4989080980243, -199.36462193127116
-320.347549322979, -328.87807230741186, -452.81020903343904
-322.494002509726, -325.23434400962776, -327.88176558356236
-324.64045569647305, -321.5906157118437, -202.9533221336857
-317.1789969680973, -203.96977992123126, -456.3989092358536
-319.32545015484436, -200.3260516234472, -331.4704657859769
-321.47190334159137, -196.6823233256631, -206.54202233610025
-198.57470335572128, -456.89147938718486, -446.984267662049
-200.72115654246832, -453.24775108940077, -322.0558242121723
-202.86760972921536, -449.6040227916167, -197.12738076229564
-195.40615100083963, -331.98318700100424, -450.5729678644635
-197.55260418758667, -328.3394587032202, -325.64452441458684
-199.6990573743337, -324.6957304054361, -200.7160809647102
-192.23759864595797, -207.0748946148237, -454.16166806687806
-194.384051832705, -203.43116631703964, -329.2332246170014
-196.53050501945205, -199.78743801925555, -204.30478116712473
